dataset,strategy,budget,n_seeds,mean_final_acc,std_final_acc,per_seed
cifar10,WASSAL_WITHSOFT,25,3,32.28,1.11,31.89;31.42;33.54
cifar10,WASSAL_WITHSOFT,50,3,35.97,0.49,36.10;35.42;36.38
cifar10,WASSAL_WITHSOFT,100,3,36.31,2.33,37.41;33.63;37.88
cifar10,WASSAL_WITHSOFT,125,3,38.44,2.01,40.29;38.74;36.30
cifar10,WASSAL_WITHSOFT,150,3,39.72,0.32,39.47;39.60;40.08
cifar10,WASSAL_WITHSOFT,175,3,39.06,1.31,40.17;39.41;37.61
cifar10,WASSAL_WITHSOFT,200,3,40.43,0.57,39.90;41.04;40.36
cifar10,WASSAL,25,3,30.62,0.90,31.43;30.78;29.66
cifar10,WASSAL,50,3,35.38,0.57,35.84;34.74;35.56
cifar10,WASSAL,100,3,38.24,0.74,38.96;38.28;37.49
cifar10,WASSAL,125,3,38.55,1.42,38.28;37.28;40.09
cifar10,WASSAL,150,3,41.67,1.26,40.39;42.91;41.72
cifar10,WASSAL,175,3,41.10,0.38,41.37;40.67;41.26
cifar10,WASSAL,200,3,41.68,0.11,41.56;41.78;41.71
cifar10,badge,25,3,30.18,1.66,28.27;31.11;31.17
cifar10,badge,50,3,33.12,1.42,31.82;34.63;32.92
cifar10,badge,100,3,37.72,1.03,37.25;37.02;38.90
cifar10,badge,125,3,39.70,1.00,38.97;39.28;40.84
cifar10,badge,150,3,40.22,1.03,39.57;39.69;41.41
cifar10,badge,175,3,42.38,1.24,43.25;40.96;42.92
cifar10,badge,200,3,42.99,0.95,44.08;42.40;42.48
cifar10,glister,25,3,31.38,1.86,29.54;31.36;33.25
cifar10,glister,50,3,32.98,2.43,31.16;32.03;35.74
cifar10,glister,100,3,38.91,0.67,38.39;38.67;39.67
cifar10,glister,125,3,39.19,1.58,39.79;37.40;40.39
cifar10,glister,150,3,40.34,0.36,40.07;40.21;40.75
cifar10,glister,175,3,40.36,0.87,40.32;39.51;41.25
cifar10,glister,200,3,41.26,0.33,41.06;41.09;41.64
cifar10,gradmatch-tss,25,3,30.01,1.25,28.81;29.93;31.30
cifar10,gradmatch-tss,50,3,34.61,1.47,32.92;35.52;35.40
cifar10,gradmatch-tss,100,3,36.33,1.55,37.44;36.98;34.56
cifar10,gradmatch-tss,125,3,37.80,0.66,37.65;38.52;37.22
cifar10,gradmatch-tss,150,3,38.73,0.87,38.56;39.68;37.96
cifar10,gradmatch-tss,175,3,40.01,1.97,40.47;41.71;37.86
cifar10,gradmatch-tss,200,3,40.96,0.60,40.36;40.96;41.55
cifar10,coreset,25,3,30.26,2.13,32.63;28.51;29.65
cifar10,coreset,50,3,35.88,0.82,36.64;35.01;36.00
cifar10,coreset,100,3,36.17,0.90,37.16;35.42;35.92
cifar10,coreset,125,3,38.70,1.66,39.77;36.78;39.54
cifar10,coreset,150,3,39.66,1.38,41.21;38.58;39.19
cifar10,coreset,175,3,40.76,1.79,40.91;42.48;38.90
cifar10,coreset,200,3,38.43,1.18,37.15;38.64;39.49
cifar10,us,25,3,31.36,1.36,31.92;29.81;32.34
cifar10,us,50,3,32.86,0.48,32.99;32.33;33.26
cifar10,us,100,3,35.66,1.44,35.87;36.98;34.12
cifar10,us,125,3,39.13,0.75,38.75;38.65;39.99
cifar10,us,150,3,37.53,3.87,38.02;41.13;33.44
cifar10,us,175,3,37.22,6.64,30.26;37.92;43.49
cifar10,us,200,3,39.26,1.77,37.27;39.87;40.64
cifar10,leastconf,25,3,31.87,2.77,33.48;28.67;33.47
cifar10,leastconf,50,3,33.90,1.78,34.91;31.85;34.95
cifar10,leastconf,100,3,38.47,1.47,40.05;38.23;37.13
cifar10,leastconf,125,3,40.10,0.56,40.21;39.49;40.60
cifar10,leastconf,150,3,41.01,2.43,41.35;43.26;38.43
cifar10,leastconf,175,3,42.51,2.09,40.13;43.37;44.03
cifar10,leastconf,200,3,42.18,1.59,43.92;41.84;40.79
cifar10,margin,25,3,29.20,0.49,29.54;29.42;28.63
cifar10,margin,50,3,31.94,2.09,30.27;31.28;34.28
cifar10,margin,100,3,38.35,1.46,37.76;37.28;40.02
cifar10,margin,125,3,38.72,1.71,39.13;40.18;36.84
cifar10,margin,150,3,40.58,0.83,41.17;40.94;39.63
cifar10,margin,175,3,42.45,1.12,43.46;41.25;42.65
cifar10,margin,200,3,40.88,1.76,38.85;41.97;41.82
cifar10,random,25,3,30.43,0.73,29.84;30.21;31.24
cifar10,random,50,3,33.99,0.97,33.31;33.57;35.10
cifar10,random,100,3,39.38,0.60,39.31;38.81;40.01
cifar10,random,125,3,38.75,0.26,38.89;38.92;38.45
cifar10,random,150,3,40.32,0.97,41.35;39.42;40.19
cifar10,random,175,3,42.24,1.06,43.40;41.32;41.99
cifar10,random,200,3,39.75,3.10,40.71;42.26;36.29
cifar10,badge_withsoft,25,3,30.75,0.77,30.14;31.62;30.49
cifar10,badge_withsoft,50,3,33.41,0.19,33.53;33.19;33.51
cifar10,badge_withsoft,100,3,36.69,0.46,36.29;36.60;37.19
cifar10,badge_withsoft,125,3,38.83,0.24,38.62;39.10;38.78
cifar10,badge_withsoft,150,3,41.45,0.86,40.51;42.20;41.64
cifar10,badge_withsoft,175,3,41.19,1.21,41.41;39.89;42.27
cifar10,badge_withsoft,200,3,41.01,2.36,40.94;38.69;43.41
cifar10,glister_withsoft,25,3,31.79,0.24,31.70;32.07;31.61
cifar10,glister_withsoft,50,3,34.95,0.83,34.25;34.73;35.87
cifar10,glister_withsoft,100,3,38.24,1.26,38.04;37.09;39.58
cifar10,glister_withsoft,125,3,38.38,1.45,38.55;39.73;36.85
cifar10,glister_withsoft,150,3,40.14,2.55,39.76;42.85;37.80
cifar10,glister_withsoft,175,3,39.84,1.59,40.43;41.04;38.04
cifar10,glister_withsoft,200,3,42.67,0.65,42.82;41.95;43.23
cifar10,gradmatch-tss_withsoft,25,3,33.13,0.78,33.07;32.38;33.93
cifar10,gradmatch-tss_withsoft,50,3,35.46,1.15,34.13;36.16;36.08
cifar10,gradmatch-tss_withsoft,100,3,37.22,0.94,37.31;38.12;36.24
cifar10,gradmatch-tss_withsoft,125,3,37.94,1.23,39.08;36.64;38.11
cifar10,gradmatch-tss_withsoft,150,3,40.42,1.87,42.23;38.49;40.55
cifar10,gradmatch-tss_withsoft,175,3,40.03,0.46,40.18;39.52;40.40
cifar10,gradmatch-tss_withsoft,200,3,38.21,1.29,39.38;38.43;36.83
cifar10,coreset_withsoft,25,3,30.28,1.87,29.17;32.44;29.24
cifar10,coreset_withsoft,50,3,35.45,1.80,36.55;36.43;33.38
cifar10,coreset_withsoft,100,3,36.14,0.94,37.19;35.37;35.87
cifar10,coreset_withsoft,125,3,39.02,0.56,38.48;38.99;39.59
cifar10,coreset_withsoft,150,3,41.00,0.42,40.80;41.48;40.72
cifar10,coreset_withsoft,175,3,40.27,1.96,40.28;42.23;38.31
cifar10,coreset_withsoft,200,3,40.75,1.64,42.28;40.95;39.01
cifar10,us_withsoft,25,3,32.76,0.36,32.98;32.96;32.34
cifar10,us_withsoft,50,3,35.22,0.82,34.62;36.15;34.89
cifar10,us_withsoft,100,3,35.82,1.69,37.64;34.29;35.53
cifar10,us_withsoft,125,3,37.72,1.15,36.64;37.59;38.92
cifar10,us_withsoft,150,3,37.18,1.57,37.14;35.63;38.77
cifar10,us_withsoft,175,3,36.75,1.17,37.40;35.40;37.45
cifar10,us_withsoft,200,3,37.53,1.30,38.04;38.50;36.06
cifar10,leastconf_withsoft,25,3,32.38,0.75,31.51;32.87;32.75
cifar10,leastconf_withsoft,50,3,35.85,0.57,35.22;36.34;36.00
cifar10,leastconf_withsoft,100,3,38.20,0.85,37.44;39.11;38.04
cifar10,leastconf_withsoft,125,3,40.02,1.53,38.85;41.76;39.46
cifar10,leastconf_withsoft,150,3,38.90,1.01,38.19;40.06;38.45
cifar10,leastconf_withsoft,175,3,41.50,2.09,40.07;40.53;43.90
cifar10,leastconf_withsoft,200,3,40.97,1.79,38.98;42.43;41.51
cifar10,margin_withsoft,25,3,32.68,0.87,33.37;32.98;31.70
cifar10,margin_withsoft,50,3,35.54,1.45,35.11;37.16;34.35
cifar10,margin_withsoft,100,3,38.25,1.04,38.50;37.11;39.14
cifar10,margin_withsoft,125,3,38.27,1.21,36.91;38.68;39.22
cifar10,margin_withsoft,150,3,40.72,0.55,41.34;40.32;40.49
cifar10,margin_withsoft,175,3,40.82,2.83,41.93;42.93;37.60
cifar10,margin_withsoft,200,3,41.65,1.20,42.43;40.26;42.25
cifar10,typiclust,25,3,30.57,1.78,31.59;28.51;31.61
cifar10,typiclust,50,3,33.23,0.94,34.27;32.43;32.99
cifar10,typiclust,100,3,38.17,1.16,39.21;38.38;36.92
cifar10,typiclust,125,3,38.17,1.46,36.51;39.28;38.72
cifar10,typiclust,150,3,40.35,0.84,40.39;41.16;39.49
cifar10,typiclust,175,3,41.21,0.99,42.28;40.32;41.03
cifar10,typiclust,200,3,41.92,1.14,43.06;40.78;41.93
cifar10,probcover,25,3,29.33,1.77,27.43;30.93;29.64
cifar10,probcover,50,3,32.72,0.97,32.43;31.93;33.81
cifar10,probcover,100,3,38.65,1.40,38.13;40.24;37.58
cifar10,probcover,125,3,37.18,0.38,37.41;36.74;37.38
cifar10,probcover,150,3,39.51,1.54,39.96;40.78;37.80
cifar10,probcover,175,3,38.97,0.54,39.34;39.22;38.35
cifar10,probcover,200,3,39.26,1.33,40.69;38.06;39.04
cifar10,dcom,25,3,28.94,0.80,29.86;28.52;28.44
cifar10,dcom,50,3,31.72,1.40,30.18;32.91;32.08
cifar10,dcom,100,3,36.69,1.47,35.18;36.76;38.12
cifar10,dcom,125,3,37.23,2.39,34.49;38.88;38.33
cifar10,dcom,150,3,38.81,1.48,39.80;39.53;37.11
cifar10,dcom,175,3,37.50,2.57,36.38;35.69;40.44
cifar10,dcom,200,3,40.52,0.47,40.82;40.77;39.98
cifar10,alfamargin,25,3,30.84,0.35,31.19;30.83;30.50
cifar10,alfamargin,50,3,31.34,1.30,32.46;29.92;31.65
cifar10,alfamargin,100,3,37.43,1.15,38.68;36.41;37.20
cifar10,alfamargin,125,3,39.00,1.37,38.04;40.57;38.38
cifar10,alfamargin,150,3,39.63,2.17,41.82;37.49;39.57
cifar10,alfamargin,175,3,42.10,0.80,42.80;41.22;42.27
cifar10,alfamargin,200,3,41.25,0.55,40.61;41.62;41.51
cifar10,maxherding,25,3,31.01,1.45,29.45;31.26;32.31
cifar10,maxherding,50,3,33.56,1.10,34.07;34.31;32.29
cifar10,maxherding,100,3,37.28,0.89,37.97;37.59;36.28
cifar10,maxherding,125,3,40.23,1.42,41.46;40.55;38.67
cifar10,maxherding,150,3,40.63,2.20,41.82;41.98;38.10
cifar10,maxherding,175,3,39.71,0.42,39.93;39.22;39.97
cifar10,maxherding,200,3,40.84,0.45,40.73;40.46;41.33
cifar10,uherding,25,3,32.79,0.42,33.15;32.33;32.89
cifar10,uherding,50,3,33.18,0.19,33.39;33.04;33.11
cifar10,uherding,100,3,39.17,0.46,38.80;39.69;39.03
cifar10,uherding,125,3,39.82,0.97,38.78;40.71;39.98
cifar10,uherding,150,3,40.88,0.50,41.01;40.33;41.31
cifar10,uherding,175,3,40.35,1.69,41.44;38.40;41.21
cifar10,uherding,200,3,40.77,0.53,41.33;40.28;40.69
cifar10,wassersteinip,25,3,29.72,0.41,30.11;29.30;29.74
cifar10,wassersteinip,50,3,32.99,0.79,32.67;32.42;33.89
cifar10,wassersteinip,100,3,35.59,1.21,36.55;34.24;35.99
cifar10,wassersteinip,125,3,38.89,1.00,39.45;37.74;39.48
cifar10,wassersteinip,150,3,38.44,0.91,37.43;38.69;39.19
cifar10,wassersteinip,175,3,40.54,1.59,38.70;41.48;41.43
cifar10,wassersteinip,200,3,39.83,1.20,39.37;38.93;41.19
svhn,WASSAL_WITHSOFT,25,3,24.81,1.09,26.00;24.57;23.87
svhn,WASSAL_WITHSOFT,50,3,33.29,4.12,32.94;37.57;29.35
svhn,WASSAL_WITHSOFT,100,3,35.28,2.86,35.45;32.33;38.05
svhn,WASSAL_WITHSOFT,175,3,53.94,6.99,56.95;58.91;45.95
svhn,WASSAL_WITHSOFT,200,3,38.07,3.12,41.64;36.74;35.85
svhn,WASSAL,25,3,28.85,2.23,29.64;26.33;30.58
svhn,WASSAL,50,3,35.76,4.14,31.03;38.71;37.55
svhn,WASSAL,100,3,39.18,11.15,47.82;43.13;26.60
svhn,WASSAL,175,3,37.94,8.03,28.85;44.08;40.90
svhn,WASSAL,200,3,53.29,4.01,55.62;48.67;55.59
svhn,badge,25,3,27.13,2.83,27.17;29.94;24.29
svhn,badge,50,3,34.75,3.77,34.42;31.15;38.68
svhn,badge,100,3,43.57,1.04,42.46;44.52;43.73
svhn,badge,175,3,49.46,5.68,42.96;52.01;53.42
svhn,badge,200,3,60.48,9.46,49.89;68.10;63.46
svhn,glister,25,3,26.50,1.30,26.00;27.98;25.53
svhn,glister,50,3,37.42,1.52,35.77;37.73;38.76
svhn,glister,100,3,47.05,2.86,46.60;50.10;44.45
svhn,glister,175,3,45.28,10.20,35.03;45.39;55.43
svhn,glister,200,3,48.31,10.00,57.10;50.41;37.43
svhn,gradmatch-tss,25,3,25.86,3.07,27.90;22.33;27.35
svhn,gradmatch-tss,50,3,38.22,2.44,38.78;40.33;35.54
svhn,gradmatch-tss,100,3,46.27,5.27,52.32;43.76;42.72
svhn,gradmatch-tss,175,3,53.80,11.20,63.88;41.74;55.78
svhn,gradmatch-tss,200,3,52.44,11.05,64.35;42.53;50.44
svhn,coreset,25,3,26.15,2.02,24.84;28.48;25.14
svhn,coreset,50,3,32.75,1.32,32.00;31.98;34.28
svhn,coreset,100,3,40.66,6.32,40.51;47.05;34.42
svhn,coreset,175,3,48.34,8.61,40.07;57.26;47.70
svhn,coreset,200,3,45.07,0.92,45.68;45.51;44.01
svhn,us,25,3,22.57,0.88,22.02;22.10;23.58
svhn,us,50,3,30.04,2.80,26.86;32.13;31.12
svhn,us,100,3,46.05,3.62,48.77;41.94;47.44
svhn,us,175,3,53.62,10.73,60.75;41.29;58.83
svhn,us,200,3,58.52,7.66,67.28;55.22;53.07
svhn,leastconf,25,3,24.86,1.72,24.63;23.26;26.67
svhn,leastconf,50,3,28.58,2.21,30.67;26.26;28.79
svhn,leastconf,100,3,45.79,10.90,53.89;50.09;33.39
svhn,leastconf,175,3,64.86,4.61,69.76;64.21;60.61
svhn,leastconf,200,3,67.99,3.63,66.77;65.13;72.08
svhn,margin,25,3,25.17,1.21,25.00;26.44;24.05
svhn,margin,50,3,36.79,3.16,33.55;39.87;36.96
svhn,margin,100,3,48.86,4.33,51.61;51.11;43.87
svhn,margin,175,3,40.01,4.40,34.94;42.82;42.26
svhn,margin,200,3,54.19,8.81,59.96;58.55;44.05
svhn,random,25,3,23.72,3.76,26.11;25.68;19.39
svhn,random,50,3,34.70,3.02,33.45;38.14;32.50
svhn,random,100,3,42.51,5.91,45.56;35.70;46.25
svhn,random,175,3,48.61,2.13,46.22;49.28;50.33
svhn,random,200,3,47.08,2.76,46.36;50.13;44.76
svhn,badge_withsoft,25,3,28.20,1.77,30.20;27.57;26.83
svhn,badge_withsoft,50,3,37.47,3.14,36.74;40.90;34.76
svhn,badge_withsoft,100,3,45.58,2.76,46.88;42.42;47.45
svhn,badge_withsoft,175,3,46.87,7.94,38.46;47.93;54.22
svhn,badge_withsoft,200,3,58.64,1.99,60.91;57.79;57.23
svhn,glister_withsoft,25,3,24.22,2.31,24.66;26.28;21.73
svhn,glister_withsoft,50,3,34.85,2.66,37.40;32.10;35.04
svhn,glister_withsoft,100,3,36.22,3.68,39.79;36.43;32.43
svhn,glister_withsoft,175,3,40.78,10.10,35.39;34.52;52.43
svhn,glister_withsoft,200,3,41.06,9.00,30.67;46.07;46.44
svhn,gradmatch-tss_withsoft,25,3,25.39,1.57,27.20;24.61;24.35
svhn,gradmatch-tss_withsoft,50,3,35.20,6.15,40.38;28.40;36.83
svhn,gradmatch-tss_withsoft,100,3,36.59,5.19,39.60;39.56;30.60
svhn,gradmatch-tss_withsoft,175,3,56.42,3.34,58.86;57.78;52.61
svhn,gradmatch-tss_withsoft,200,3,41.78,4.63,40.66;37.81;46.87
svhn,coreset_withsoft,25,3,25.57,3.21,28.89;22.48;25.34
svhn,coreset_withsoft,50,3,32.49,1.79,34.52;31.12;31.83
svhn,coreset_withsoft,100,3,34.09,2.99,33.34;31.55;37.39
svhn,coreset_withsoft,175,3,41.20,10.71,30.53;41.11;51.95
svhn,coreset_withsoft,200,3,48.07,13.81,39.21;41.02;63.99
svhn,us_withsoft,25,3,23.96,1.48,22.88;25.65;23.37
svhn,us_withsoft,50,3,31.22,2.92,28.12;31.61;33.92
svhn,us_withsoft,100,3,41.94,3.01,43.17;38.51;44.13
svhn,us_withsoft,175,3,55.98,0.90,55.95;55.09;56.89
svhn,us_withsoft,200,3,60.48,3.37,56.75;61.40;63.30
svhn,leastconf_withsoft,25,3,22.22,0.22,22.48;22.07;22.13
svhn,leastconf_withsoft,50,3,31.62,1.96,30.31;33.87;30.67
svhn,leastconf_withsoft,100,3,52.12,3.47,55.54;52.20;48.61
svhn,leastconf_withsoft,175,3,66.82,3.89,62.77;70.52;67.16
svhn,leastconf_withsoft,200,3,61.80,1.52,63.54;61.07;60.77
svhn,margin_withsoft,25,3,26.45,0.89,27.48;25.90;25.96
svhn,margin_withsoft,50,3,33.46,2.16,34.99;30.99;34.40
svhn,margin_withsoft,100,3,38.08,6.10,41.04;31.06;42.14
svhn,margin_withsoft,175,3,48.12,6.90,51.67;52.52;40.17
svhn,margin_withsoft,200,3,44.15,3.95,44.45;40.05;47.94
svhn,typiclust,25,3,27.50,3.94,31.93;26.19;24.39
svhn,typiclust,50,3,37.41,2.36,34.70;38.49;39.04
svhn,typiclust,100,3,40.83,3.69,37.10;44.47;40.92
svhn,typiclust,175,3,49.23,7.66,44.73;44.87;58.07
svhn,typiclust,200,3,45.07,14.47,39.79;61.43;33.99
svhn,probcover,25,3,25.04,1.55,25.47;23.33;26.34
svhn,probcover,50,3,37.08,2.02,36.16;39.39;35.68
svhn,probcover,100,3,40.02,3.18,38.32;43.69;38.05
svhn,probcover,175,3,53.95,9.01,43.54;59.15;59.15
svhn,probcover,200,3,36.99,6.18,30.45;37.79;42.72
svhn,dcom,25,3,24.39,1.68,26.30;23.15;23.72
svhn,dcom,50,3,30.73,3.07,28.48;34.22;29.48
svhn,dcom,100,3,41.60,4.95,36.14;42.90;45.77
svhn,dcom,175,3,39.72,4.47,34.62;41.61;42.94
svhn,dcom,200,3,40.56,7.02,46.95;41.68;33.04
svhn,alfamargin,25,3,24.31,3.77,28.66;22.35;21.92
svhn,alfamargin,50,3,33.48,2.42,30.98;35.82;33.64
svhn,alfamargin,100,3,48.59,3.84,46.27;46.47;53.02
svhn,alfamargin,175,3,51.60,9.92,60.97;41.21;52.62
svhn,alfamargin,200,3,47.93,1.95,49.31;48.79;45.69
svhn,maxherding,25,3,24.90,1.28,26.01;25.19;23.49
svhn,maxherding,50,3,33.75,2.18,33.40;31.77;36.08
svhn,maxherding,100,3,39.55,6.95,31.61;44.50;42.55
svhn,maxherding,175,3,43.61,12.70,45.09;55.51;30.24
svhn,maxherding,200,3,51.29,2.43,53.75;51.23;48.89
svhn,uherding,25,3,25.08,3.38,28.48;21.73;25.02
svhn,uherding,50,3,31.92,1.46,31.91;30.47;33.38
svhn,uherding,100,3,48.11,3.12,44.58;50.48;49.29
svhn,uherding,175,3,43.92,8.31,35.00;51.46;45.29
svhn,uherding,200,3,51.53,5.70,48.69;47.81;58.09
svhn,wassersteinip,25,3,25.23,2.72,22.57;28.00;25.12
svhn,wassersteinip,50,3,36.30,0.84,36.49;35.38;37.03
svhn,wassersteinip,100,3,45.92,2.41,47.70;46.87;43.17
svhn,wassersteinip,175,3,44.39,9.60,45.35;53.47;34.33
svhn,wassersteinip,200,3,47.01,11.30,35.48;58.07;47.48
pneumoniamnist,WASSAL_WITHSOFT,20,3,82.64,1.20,83.81;82.69;81.41
pneumoniamnist,WASSAL_WITHSOFT,30,3,83.87,1.76,81.89;85.26;84.46
pneumoniamnist,WASSAL_WITHSOFT,40,3,82.53,2.10,83.49;80.13;83.97
pneumoniamnist,WASSAL_WITHSOFT,50,3,82.64,2.91,83.81;84.78;79.33
pneumoniamnist,WASSAL_WITHSOFT,60,3,81.84,2.92,78.69;82.37;84.46
pneumoniamnist,WASSAL_WITHSOFT,70,3,82.69,1.05,83.81;82.53;81.73
pneumoniamnist,WASSAL_WITHSOFT,80,3,81.09,1.67,80.13;80.13;83.01
pneumoniamnist,WASSAL_WITHSOFT,90,3,80.13,1.89,81.73;78.04;80.61
pneumoniamnist,WASSAL_WITHSOFT,100,3,82.64,0.09,82.53;82.69;82.69
pneumoniamnist,WASSAL,20,3,83.28,2.70,82.05;86.38;81.41
pneumoniamnist,WASSAL,30,3,83.44,3.58,79.33;85.90;85.10
pneumoniamnist,WASSAL,40,3,82.64,4.66,87.50;82.21;78.21
pneumoniamnist,WASSAL,50,3,84.67,0.19,84.46;84.78;84.78
pneumoniamnist,WASSAL,60,3,84.83,0.46,84.29;85.10;85.10
pneumoniamnist,WASSAL,70,3,85.79,3.46,82.53;85.42;89.42
pneumoniamnist,WASSAL,80,3,85.52,2.61,86.06;82.69;87.82
pneumoniamnist,WASSAL,90,3,84.78,1.69,84.62;83.17;86.54
pneumoniamnist,WASSAL,100,3,84.67,2.76,86.86;81.57;85.58
pneumoniamnist,badge,20,3,84.29,3.47,88.30;82.21;82.37
pneumoniamnist,badge,30,3,84.13,1.78,82.53;83.81;86.06
pneumoniamnist,badge,40,3,83.39,2.45,81.89;86.22;82.05
pneumoniamnist,badge,50,3,83.97,2.52,81.09;85.74;85.10
pneumoniamnist,badge,60,3,86.38,2.67,87.50;83.33;88.30
pneumoniamnist,badge,70,3,84.62,0.42,85.10;84.29;84.46
pneumoniamnist,badge,80,3,84.56,2.27,84.13;82.53;87.02
pneumoniamnist,badge,90,3,84.56,1.57,86.38;83.65;83.65
pneumoniamnist,badge,100,3,86.22,0.96,86.22;87.18;85.26
pneumoniamnist,glister,20,3,85.31,3.57,86.70;81.25;87.98
pneumoniamnist,glister,30,3,85.15,2.55,86.70;82.21;86.54
pneumoniamnist,glister,40,3,85.52,0.94,85.90;84.46;86.22
pneumoniamnist,glister,50,3,84.83,2.76,85.74;87.02;81.73
pneumoniamnist,glister,60,3,84.99,1.86,86.22;82.85;85.90
pneumoniamnist,glister,70,3,83.65,3.06,85.26;85.58;80.13
pneumoniamnist,glister,80,3,82.64,1.86,82.37;84.62;80.93
pneumoniamnist,glister,90,3,82.37,1.81,81.25;81.41;84.46
pneumoniamnist,glister,100,3,84.35,2.41,85.90;85.58;81.57
pneumoniamnist,gradmatch-tss,20,3,85.36,1.45,86.70;85.58;83.81
pneumoniamnist,gradmatch-tss,30,3,86.70,2.85,85.74;84.46;89.90
pneumoniamnist,gradmatch-tss,40,3,87.29,1.52,85.74;88.78;87.34
pneumoniamnist,gradmatch-tss,50,3,85.36,3.92,88.78;86.22;81.09
pneumoniamnist,gradmatch-tss,60,3,83.97,1.69,84.13;82.21;85.58
pneumoniamnist,gradmatch-tss,70,3,83.81,1.31,82.69;85.26;83.49
pneumoniamnist,gradmatch-tss,80,3,83.01,1.63,82.69;81.57;84.78
pneumoniamnist,gradmatch-tss,90,3,84.08,3.64,87.98;83.49;80.77
pneumoniamnist,gradmatch-tss,100,3,84.08,1.20,82.69;84.78;84.78
pneumoniamnist,coreset,20,3,83.12,2.96,82.37;80.61;86.38
pneumoniamnist,coreset,30,3,83.76,1.22,82.69;85.10;83.49
pneumoniamnist,coreset,40,3,84.19,1.38,85.42;84.46;82.69
pneumoniamnist,coreset,50,3,85.79,3.45,81.89;87.02;88.46
pneumoniamnist,coreset,60,3,84.03,0.61,84.29;84.46;83.33
pneumoniamnist,coreset,70,3,84.88,2.19,86.38;85.90;82.37
pneumoniamnist,coreset,80,3,83.60,3.29,87.02;83.33;80.45
pneumoniamnist,coreset,90,3,82.80,0.88,82.37;83.81;82.21
pneumoniamnist,coreset,100,3,82.85,1.67,83.97;80.93;83.65
pneumoniamnist,us,20,3,86.32,0.88,87.34;85.90;85.74
pneumoniamnist,us,30,3,83.55,4.03,84.94;79.01;86.70
pneumoniamnist,us,40,3,83.12,0.49,82.69;83.65;83.01
pneumoniamnist,us,50,3,83.55,2.43,80.77;84.62;85.26
pneumoniamnist,us,60,3,85.68,1.16,84.94;87.02;85.10
pneumoniamnist,us,70,3,85.31,1.73,86.54;83.33;86.06
pneumoniamnist,us,80,3,83.44,4.22,82.21;88.14;79.97
pneumoniamnist,us,90,3,82.21,3.12,84.62;83.33;78.69
pneumoniamnist,us,100,3,83.92,0.65,83.33;83.81;84.62
pneumoniamnist,leastconf,20,3,83.44,1.82,83.97;81.41;84.94
pneumoniamnist,leastconf,30,3,83.17,1.31,83.49;81.73;84.29
pneumoniamnist,leastconf,40,3,84.56,0.33,84.29;84.94;84.46
pneumoniamnist,leastconf,50,3,84.51,1.82,83.01;86.54;83.97
pneumoniamnist,leastconf,60,3,84.72,3.67,80.61;87.66;85.90
pneumoniamnist,leastconf,70,3,84.78,1.67,83.97;83.65;86.70
pneumoniamnist,leastconf,80,3,82.96,2.64,80.77;82.21;85.90
pneumoniamnist,leastconf,90,3,85.84,0.67,86.06;85.10;86.38
pneumoniamnist,leastconf,100,3,85.84,0.72,85.90;85.10;86.54
pneumoniamnist,margin,20,3,82.85,3.06,86.06;79.97;82.53
pneumoniamnist,margin,30,3,84.29,1.78,84.62;85.90;82.37
pneumoniamnist,margin,40,3,84.67,2.46,83.01;87.50;83.49
pneumoniamnist,margin,50,3,84.46,1.25,83.01;85.26;85.10
pneumoniamnist,margin,60,3,78.21,13.49,86.86;62.66;85.10
pneumoniamnist,margin,70,3,83.71,1.56,82.37;85.42;83.33
pneumoniamnist,margin,80,3,84.67,1.56,83.33;84.29;86.38
pneumoniamnist,margin,90,3,83.44,1.36,81.89;84.46;83.97
pneumoniamnist,margin,100,3,85.26,2.16,85.90;87.02;82.85
pneumoniamnist,random,20,3,85.63,0.52,86.22;85.26;85.42
pneumoniamnist,random,30,3,84.03,2.61,84.94;86.06;81.09
pneumoniamnist,random,40,3,80.82,1.09,82.05;80.45;79.97
pneumoniamnist,random,50,3,83.01,1.58,84.29;81.25;83.49
pneumoniamnist,random,60,3,83.39,1.61,81.57;83.97;84.62
pneumoniamnist,random,70,3,83.44,0.49,83.01;83.33;83.97
pneumoniamnist,random,80,3,83.87,1.58,82.05;84.62;84.94
pneumoniamnist,random,90,3,80.45,1.94,80.13;78.69;82.53
pneumoniamnist,random,100,3,81.30,2.21,83.81;79.65;80.45
pneumoniamnist,badge_withsoft,20,3,83.92,1.16,83.17;83.33;85.26
pneumoniamnist,badge_withsoft,30,3,84.62,1.67,82.69;85.42;85.74
pneumoniamnist,badge_withsoft,40,3,83.49,2.37,80.77;85.10;84.62
pneumoniamnist,badge_withsoft,50,3,86.27,1.86,87.50;87.18;84.13
pneumoniamnist,badge_withsoft,60,3,86.38,1.95,85.10;88.62;85.42
pneumoniamnist,badge_withsoft,70,3,86.22,3.51,87.66;82.21;88.78
pneumoniamnist,badge_withsoft,80,3,85.10,0.32,85.42;84.78;85.10
pneumoniamnist,badge_withsoft,90,3,85.31,1.22,86.38;85.58;83.97
pneumoniamnist,badge_withsoft,100,3,85.90,3.06,87.82;82.37;87.50
pneumoniamnist,glister_withsoft,20,3,83.55,1.21,83.01;82.69;84.94
pneumoniamnist,glister_withsoft,30,3,84.62,1.67,82.69;85.42;85.74
pneumoniamnist,glister_withsoft,40,3,85.47,0.88,85.90;86.06;84.46
pneumoniamnist,glister_withsoft,50,3,83.71,3.73,79.49;86.54;85.10
pneumoniamnist,glister_withsoft,60,3,83.65,2.78,86.86;82.21;81.89
pneumoniamnist,glister_withsoft,70,3,85.31,1.36,85.26;83.97;86.70
pneumoniamnist,glister_withsoft,80,3,83.23,3.91,87.66;81.73;80.29
pneumoniamnist,glister_withsoft,90,3,82.59,5.79,75.96;85.10;86.70
pneumoniamnist,glister_withsoft,100,3,85.31,0.88,85.90;85.74;84.29
pneumoniamnist,gradmatch-tss_withsoft,20,3,83.71,1.73,81.73;84.94;84.46
pneumoniamnist,gradmatch-tss_withsoft,30,3,82.59,0.40,82.21;82.53;83.01
pneumoniamnist,gradmatch-tss_withsoft,40,3,81.14,4.49,75.96;83.65;83.81
pneumoniamnist,gradmatch-tss_withsoft,50,3,87.34,0.32,87.66;87.02;87.34
pneumoniamnist,gradmatch-tss_withsoft,60,3,85.42,1.53,87.02;83.97;85.26
pneumoniamnist,gradmatch-tss_withsoft,70,3,85.42,2.37,83.81;84.29;88.14
pneumoniamnist,gradmatch-tss_withsoft,80,3,86.00,0.19,85.90;85.90;86.22
pneumoniamnist,gradmatch-tss_withsoft,90,3,84.29,2.10,86.54;82.37;83.97
pneumoniamnist,gradmatch-tss_withsoft,100,3,84.56,0.93,83.49;85.10;85.10
pneumoniamnist,coreset_withsoft,20,3,81.78,0.67,81.57;82.53;81.25
pneumoniamnist,coreset_withsoft,30,3,82.75,0.65,82.85;82.05;83.33
pneumoniamnist,coreset_withsoft,40,3,85.26,1.58,84.78;83.97;87.02
pneumoniamnist,coreset_withsoft,50,3,84.13,1.05,83.17;83.97;85.26
pneumoniamnist,coreset_withsoft,60,3,83.76,2.22,86.22;83.17;81.89
pneumoniamnist,coreset_withsoft,70,3,83.65,2.99,86.86;80.93;83.17
pneumoniamnist,coreset_withsoft,80,3,85.36,2.81,88.30;82.69;85.10
pneumoniamnist,coreset_withsoft,90,3,84.19,3.30,83.81;81.09;87.66
pneumoniamnist,coreset_withsoft,100,3,84.56,1.61,84.46;86.22;83.01
pneumoniamnist,us_withsoft,20,3,82.80,1.71,84.29;80.93;83.17
pneumoniamnist,us_withsoft,30,3,81.62,0.52,82.21;81.25;81.41
pneumoniamnist,us_withsoft,40,3,82.85,3.31,79.17;83.81;85.58
pneumoniamnist,us_withsoft,50,3,85.20,2.91,87.34;81.89;86.38
pneumoniamnist,us_withsoft,60,3,86.75,1.02,87.34;87.34;85.58
pneumoniamnist,us_withsoft,70,3,84.56,1.29,85.90;84.46;83.33
pneumoniamnist,us_withsoft,80,3,83.49,3.37,79.65;85.90;84.94
pneumoniamnist,us_withsoft,90,3,76.34,2.65,73.56;76.60;78.85
pneumoniamnist,us_withsoft,100,3,83.28,2.82,85.90;83.65;80.29
pneumoniamnist,leastconf_withsoft,20,3,82.16,0.52,81.57;82.53;82.37
pneumoniamnist,leastconf_withsoft,30,3,81.84,8.71,72.12;88.94;84.46
pneumoniamnist,leastconf_withsoft,40,3,84.24,3.13,86.86;85.10;80.77
pneumoniamnist,leastconf_withsoft,50,3,86.75,1.87,88.78;86.38;85.10
pneumoniamnist,leastconf_withsoft,60,3,84.03,3.18,87.66;81.73;82.69
pneumoniamnist,leastconf_withsoft,70,3,84.94,2.31,85.58;86.86;82.37
pneumoniamnist,leastconf_withsoft,80,3,87.93,2.19,89.90;88.30;85.58
pneumoniamnist,leastconf_withsoft,90,3,85.26,2.12,83.65;87.66;84.46
pneumoniamnist,leastconf_withsoft,100,3,87.77,0.88,88.78;87.34;87.18
pneumoniamnist,margin_withsoft,20,3,82.75,1.31,83.33;81.25;83.65
pneumoniamnist,margin_withsoft,30,3,81.84,2.27,79.81;84.29;81.41
pneumoniamnist,margin_withsoft,40,3,84.62,1.92,84.62;86.54;82.69
pneumoniamnist,margin_withsoft,50,3,84.72,1.58,83.97;83.65;86.54
pneumoniamnist,margin_withsoft,60,3,87.13,0.82,87.82;87.34;86.22
pneumoniamnist,margin_withsoft,70,3,84.35,3.01,81.09;84.94;87.02
pneumoniamnist,margin_withsoft,80,3,86.59,1.07,86.86;85.42;87.50
pneumoniamnist,margin_withsoft,90,3,85.26,1.05,86.38;84.29;85.10
pneumoniamnist,margin_withsoft,100,3,84.35,3.74,80.29;87.66;85.10
pneumoniamnist,typiclust,20,3,81.14,1.57,82.05;82.05;79.33
pneumoniamnist,typiclust,30,3,83.60,1.03,82.85;84.78;83.17
pneumoniamnist,typiclust,40,3,82.37,0.58,82.85;82.53;81.73
pneumoniamnist,typiclust,50,3,80.61,1.31,81.73;79.17;80.93
pneumoniamnist,typiclust,60,3,84.40,1.49,83.97;83.17;86.06
pneumoniamnist,typiclust,70,3,81.09,0.58,81.25;81.57;80.45
pneumoniamnist,typiclust,80,3,83.92,0.09,83.97;83.97;83.81
pneumoniamnist,typiclust,90,3,81.73,1.25,82.37;80.29;82.53
pneumoniamnist,typiclust,100,3,83.81,0.56,84.13;84.13;83.17
pneumoniamnist,probcover,20,3,82.26,2.52,80.29;81.41;85.10
pneumoniamnist,probcover,30,3,85.63,1.96,83.49;86.06;87.34
pneumoniamnist,probcover,40,3,83.23,2.61,80.93;86.06;82.69
pneumoniamnist,probcover,50,3,84.56,0.56,85.10;83.97;84.62
pneumoniamnist,probcover,60,3,85.90,0.89,85.10;85.74;86.86
pneumoniamnist,probcover,70,3,84.08,1.20,82.69;84.78;84.78
pneumoniamnist,probcover,80,3,82.32,0.61,83.01;81.89;82.05
pneumoniamnist,probcover,90,3,83.44,1.07,83.17;82.53;84.62
pneumoniamnist,probcover,100,3,86.22,1.78,84.62;85.90;88.14
pneumoniamnist,dcom,20,3,85.84,0.76,85.26;86.70;85.58
pneumoniamnist,dcom,30,3,82.21,1.67,81.41;81.09;84.13
pneumoniamnist,dcom,40,3,83.44,0.65,84.13;82.85;83.33
pneumoniamnist,dcom,50,3,83.17,4.09,79.01;87.18;83.33
pneumoniamnist,dcom,60,3,83.65,1.89,84.13;81.57;85.26
pneumoniamnist,dcom,70,3,84.72,1.20,85.42;85.42;83.33
pneumoniamnist,dcom,80,3,82.32,1.54,82.05;80.93;83.97
pneumoniamnist,dcom,90,3,83.01,1.47,84.29;83.33;81.41
pneumoniamnist,dcom,100,3,82.75,1.56,84.46;82.37;81.41
pneumoniamnist,alfamargin,20,3,83.01,2.23,85.58;81.57;81.89
pneumoniamnist,alfamargin,30,3,84.83,1.87,84.46;83.17;86.86
pneumoniamnist,alfamargin,40,3,85.84,2.00,88.14;84.94;84.46
pneumoniamnist,alfamargin,50,3,83.39,2.57,80.77;85.90;83.49
pneumoniamnist,alfamargin,60,3,83.81,2.39,85.58;84.78;81.09
pneumoniamnist,alfamargin,70,3,82.43,4.81,78.21;81.41;87.66
pneumoniamnist,alfamargin,80,3,84.99,0.91,83.97;85.74;85.26
pneumoniamnist,alfamargin,90,3,84.13,2.31,86.06;81.57;84.78
pneumoniamnist,alfamargin,100,3,83.92,0.88,84.78;83.01;83.97
pneumoniamnist,maxherding,20,3,83.65,1.55,83.01;85.42;82.53
pneumoniamnist,maxherding,30,3,81.84,0.37,82.05;81.41;82.05
pneumoniamnist,maxherding,40,3,84.51,2.57,82.05;84.29;87.18
pneumoniamnist,maxherding,50,3,82.69,2.65,80.93;81.41;85.74
pneumoniamnist,maxherding,60,3,82.85,1.16,81.89;84.13;82.53
pneumoniamnist,maxherding,70,3,83.28,2.63,85.26;80.29;84.29
pneumoniamnist,maxherding,80,3,84.62,2.54,82.69;83.65;87.50
pneumoniamnist,maxherding,90,3,86.06,1.40,85.42;85.10;87.66
pneumoniamnist,maxherding,100,3,80.50,10.36,84.46;88.30;68.75
pneumoniamnist,uherding,20,3,86.86,1.39,87.66;85.26;87.66
pneumoniamnist,uherding,30,3,85.26,1.31,84.94;86.70;84.13
pneumoniamnist,uherding,40,3,85.36,1.82,86.86;83.33;85.90
pneumoniamnist,uherding,50,3,84.56,3.24,88.30;82.53;82.85
pneumoniamnist,uherding,60,3,82.21,0.85,82.85;82.53;81.25
pneumoniamnist,uherding,70,3,84.88,2.97,87.98;82.05;84.62
pneumoniamnist,uherding,80,3,86.70,0.73,87.34;86.86;85.90
pneumoniamnist,uherding,90,3,85.47,1.31,86.38;86.06;83.97
pneumoniamnist,uherding,100,3,84.13,1.67,83.01;86.06;83.33
pneumoniamnist,wassersteinip,20,3,81.94,0.88,82.85;81.89;81.09
pneumoniamnist,wassersteinip,30,3,82.96,1.20,81.73;83.01;84.13
pneumoniamnist,wassersteinip,40,3,79.81,1.27,80.29;80.77;78.37
pneumoniamnist,wassersteinip,50,3,83.92,3.77,80.29;87.82;83.65
pneumoniamnist,wassersteinip,60,3,81.94,1.82,83.97;80.45;81.41
pneumoniamnist,wassersteinip,70,3,80.66,0.79,80.13;81.57;80.29
pneumoniamnist,wassersteinip,80,3,81.94,2.48,84.78;80.13;80.93
pneumoniamnist,wassersteinip,90,3,82.26,1.56,81.89;83.97;80.93
pneumoniamnist,wassersteinip,100,3,84.03,3.73,85.42;79.81;86.86
stl10,WASSAL_WITHSOFT,25,3,23.80,0.37,24.14;23.41;23.85
stl10,WASSAL_WITHSOFT,50,3,23.75,0.28,24.06;23.51;23.67
stl10,WASSAL_WITHSOFT,100,3,23.97,0.29,24.06;24.20;23.65
stl10,WASSAL_WITHSOFT,125,3,25.20,0.39,25.51;25.31;24.76
stl10,WASSAL_WITHSOFT,150,3,24.82,0.55,24.99;25.26;24.20
stl10,WASSAL_WITHSOFT,175,3,25.24,0.14,25.40;25.12;25.20
stl10,WASSAL_WITHSOFT,200,3,25.88,0.18,25.94;26.02;25.69
stl10,WASSAL,25,3,21.34,0.20,21.56;21.18;21.29
stl10,WASSAL,50,3,23.88,0.16,24.06;23.76;23.82
stl10,WASSAL,100,3,25.20,0.32,24.90;25.54;25.15
stl10,WASSAL,125,3,26.02,0.22,26.20;26.07;25.77
stl10,WASSAL,150,3,26.27,0.09,26.17;26.30;26.34
stl10,WASSAL,175,3,26.66,0.18,26.52;26.86;26.60
stl10,WASSAL,200,3,27.66,0.11,27.54;27.76;27.68
stl10,badge,25,3,20.42,0.03,20.41;20.40;20.45
stl10,badge,50,3,22.49,0.12,22.62;22.45;22.39
stl10,badge,100,2,24.49,0.08,24.55;24.44
stl10,badge,125,2,24.85,0.00,24.85;24.85
stl10,badge,150,2,25.29,0.89,25.92;24.66
stl10,badge,175,2,26.41,0.05,26.45;26.38
stl10,badge,200,2,27.36,0.50,27.71;27.00
stl10,glister,25,3,21.39,0.57,20.72;21.75;21.69
stl10,glister,50,3,22.71,0.73,23.01;23.24;21.88
stl10,glister,100,2,24.89,0.71,24.39;25.39
stl10,glister,125,2,25.16,0.01,25.15;25.16
stl10,glister,150,2,25.42,0.26,25.24;25.60
stl10,glister,175,2,26.46,0.06,26.41;26.50
stl10,glister,200,2,27.62,0.09,27.69;27.56
stl10,gradmatch-tss,25,3,21.24,0.41,21.55;20.77;21.40
stl10,gradmatch-tss,50,3,22.62,0.29,22.89;22.31;22.68
stl10,gradmatch-tss,100,2,24.86,0.25,24.69;25.04
stl10,gradmatch-tss,125,2,25.51,0.10,25.44;25.57
stl10,gradmatch-tss,150,2,25.59,0.04,25.56;25.62
stl10,gradmatch-tss,175,2,26.26,0.27,26.07;26.45
stl10,gradmatch-tss,200,2,27.44,0.11,27.51;27.36
stl10,coreset,25,3,21.22,0.09,21.18;21.15;21.32
stl10,coreset,50,3,22.43,0.11,22.41;22.55;22.32
stl10,coreset,100,2,24.14,0.01,24.14;24.15
stl10,coreset,125,2,24.70,0.18,24.82;24.57
stl10,coreset,150,2,24.81,0.17,24.69;24.93
stl10,coreset,175,2,25.21,0.21,25.06;25.36
stl10,coreset,200,2,26.15,0.12,26.24;26.06
stl10,us,25,3,18.84,0.11,18.81;18.74;18.96
stl10,us,50,3,21.25,0.05,21.24;21.30;21.20
stl10,us,100,2,24.52,0.07,24.57;24.47
stl10,us,125,2,24.81,0.02,24.82;24.80
stl10,us,150,2,24.89,0.06,24.85;24.94
stl10,us,175,2,25.42,0.04,25.45;25.39
stl10,us,200,2,26.28,0.26,26.10;26.46
stl10,leastconf,25,3,18.95,0.45,18.60;18.79;19.45
stl10,leastconf,50,3,21.17,0.18,21.38;21.04;21.10
stl10,leastconf,100,2,24.26,0.32,24.49;24.04
stl10,leastconf,125,2,25.03,0.10,25.10;24.96
stl10,leastconf,150,2,25.36,0.34,25.12;25.60
stl10,leastconf,175,2,25.95,0.07,25.90;26.00
stl10,leastconf,200,2,27.08,0.36,26.82;27.34
stl10,margin,25,3,20.10,0.62,19.39;20.54;20.36
stl10,margin,50,3,21.34,0.68,22.12;21.04;20.86
stl10,margin,100,2,24.27,0.25,24.10;24.45
stl10,margin,125,2,24.55,0.12,24.64;24.46
stl10,margin,150,2,24.54,0.42,24.25;24.84
stl10,margin,175,2,26.25,0.23,26.09;26.41
stl10,margin,200,2,26.77,0.40,26.49;27.05
stl10,random,25,3,20.10,0.04,20.10;20.15;20.06
stl10,random,50,3,22.25,0.63,22.89;21.62;22.23
stl10,random,100,2,23.79,0.11,23.71;23.86
stl10,random,125,2,24.88,0.80,25.45;24.31
stl10,random,150,2,25.21,0.57,24.80;25.61
stl10,random,175,2,25.11,0.04,25.09;25.14
stl10,random,200,2,26.14,0.02,26.15;26.12
stl10,badge_withsoft,25,3,20.38,0.27,20.54;20.06;20.54
stl10,badge_withsoft,50,3,22.47,0.34,22.71;22.62;22.09
stl10,badge_withsoft,100,2,24.45,0.14,24.55;24.35
stl10,badge_withsoft,125,2,25.14,0.52,25.51;24.77
stl10,badge_withsoft,150,2,25.60,0.83,26.19;25.01
stl10,badge_withsoft,175,2,26.00,0.21,25.85;26.15
stl10,badge_withsoft,200,2,27.02,0.13,26.92;27.11
stl10,glister_withsoft,25,3,22.39,0.44,22.53;22.74;21.90
stl10,glister_withsoft,50,3,21.00,0.65,21.41;20.25;21.34
stl10,glister_withsoft,100,2,21.29,0.04,21.26;21.31
stl10,glister_withsoft,125,2,20.43,0.33,20.66;20.20
stl10,glister_withsoft,150,2,20.56,0.95,19.89;21.22
stl10,glister_withsoft,175,2,21.11,0.40,20.82;21.39
stl10,glister_withsoft,200,2,21.76,0.69,22.25;21.27
stl10,gradmatch-tss_withsoft,25,3,23.23,0.25,23.51;23.03;23.16
stl10,gradmatch-tss_withsoft,50,3,22.74,0.16,22.73;22.59;22.90
stl10,gradmatch-tss_withsoft,100,2,23.65,0.27,23.84;23.46
stl10,gradmatch-tss_withsoft,125,2,23.60,0.09,23.66;23.54
stl10,gradmatch-tss_withsoft,150,2,24.34,0.05,24.38;24.30
stl10,gradmatch-tss_withsoft,175,2,25.18,0.15,25.29;25.07
stl10,gradmatch-tss_withsoft,200,2,25.32,0.20,25.17;25.46
stl10,coreset_withsoft,25,3,20.49,0.07,20.41;20.55;20.51
stl10,coreset_withsoft,50,3,17.94,0.04,17.90;17.95;17.97
stl10,coreset_withsoft,100,2,17.77,0.01,17.77;17.76
stl10,coreset_withsoft,125,2,17.71,0.01,17.70;17.71
stl10,coreset_withsoft,150,2,18.51,0.72,19.02;18.00
stl10,coreset_withsoft,175,2,18.84,0.22,18.69;19.00
stl10,coreset_withsoft,200,2,19.46,0.05,19.50;19.43
stl10,us_withsoft,25,3,22.97,0.34,23.31;22.62;22.96
stl10,us_withsoft,50,3,23.57,0.09,23.47;23.59;23.65
stl10,us_withsoft,100,2,23.60,0.02,23.61;23.59
stl10,us_withsoft,125,2,23.10,0.14,23.00;23.20
stl10,us_withsoft,150,2,23.47,0.04,23.44;23.50
stl10,us_withsoft,175,2,22.87,0.03,22.89;22.85
stl10,us_withsoft,200,2,23.31,0.18,23.44;23.19
stl10,leastconf_withsoft,25,3,23.07,0.24,23.31;23.08;22.84
stl10,leastconf_withsoft,50,3,22.94,0.39,23.29;22.53;23.01
stl10,leastconf_withsoft,100,2,23.77,0.00,23.77;23.77
stl10,leastconf_withsoft,125,2,23.64,0.20,23.79;23.50
stl10,leastconf_withsoft,150,2,23.80,0.30,23.59;24.01
stl10,leastconf_withsoft,175,2,23.44,0.29,23.24;23.65
stl10,leastconf_withsoft,200,2,23.95,0.27,24.14;23.76
stl10,margin_withsoft,25,3,22.82,0.31,22.46;23.05;22.95
stl10,margin_withsoft,50,3,23.95,0.28,23.84;23.74;24.26
stl10,margin_withsoft,100,2,24.09,0.20,23.95;24.24
stl10,margin_withsoft,125,2,24.67,0.32,24.45;24.90
stl10,margin_withsoft,150,2,24.23,0.34,24.46;23.99
stl10,margin_withsoft,175,2,25.19,0.12,25.10;25.27
stl10,margin_withsoft,200,2,25.46,0.18,25.34;25.59
stl10,typiclust,25,3,20.05,0.41,20.14;20.41;19.60
stl10,typiclust,50,3,22.22,0.26,22.18;21.98;22.50
stl10,typiclust,100,3,24.07,0.36,23.66;24.36;24.19
stl10,typiclust,125,3,24.25,0.41,24.70;24.18;23.89
stl10,typiclust,150,3,25.11,0.34,25.25;25.35;24.73
stl10,typiclust,175,3,25.25,0.33,25.52;24.89;25.34
stl10,typiclust,200,3,26.61,0.25,26.77;26.32;26.72
stl10,probcover,25,3,21.00,0.02,21.00;21.01;20.97
stl10,probcover,50,3,21.55,0.03,21.51;21.57;21.55
stl10,probcover,100,3,24.68,0.04,24.71;24.70;24.64
stl10,probcover,125,3,24.88,0.15,24.84;24.76;25.05
stl10,probcover,150,3,25.37,0.04,25.39;25.39;25.32
stl10,probcover,175,3,25.85,0.13,25.77;26.00;25.76
stl10,probcover,200,3,26.94,0.03,26.96;26.91;26.95
stl10,dcom,25,3,21.43,0.39,21.15;21.88;21.27
stl10,dcom,50,3,22.30,0.16,22.12;22.35;22.44
stl10,dcom,100,3,24.75,0.15,24.91;24.73;24.62
stl10,dcom,125,3,24.55,0.48,24.12;25.07;24.46
stl10,dcom,150,3,24.93,0.18,24.93;25.11;24.75
stl10,dcom,175,3,25.75,0.14,25.71;25.90;25.62
stl10,dcom,200,3,26.80,0.16,26.92;26.61;26.85
stl10,alfamargin,25,3,20.37,0.26,20.11;20.62;20.36
stl10,alfamargin,50,3,22.43,0.15,22.26;22.49;22.54
stl10,alfamargin,100,3,24.32,0.28,24.56;24.01;24.39
stl10,alfamargin,125,3,25.51,0.65,24.94;25.39;26.21
stl10,alfamargin,150,3,25.83,0.46,26.17;25.31;26.00
stl10,alfamargin,175,3,26.02,0.31,25.71;26.34;26.00
stl10,alfamargin,200,3,27.05,0.16,27.16;27.12;26.86
stl10,maxherding,25,3,20.70,0.14,20.57;20.85;20.66
stl10,maxherding,50,3,22.54,0.31,22.36;22.90;22.35
stl10,maxherding,100,3,24.18,0.34,24.51;23.84;24.20
stl10,maxherding,125,3,24.78,0.28,24.51;25.06;24.75
stl10,maxherding,150,3,24.85,0.10,24.90;24.74;24.91
stl10,maxherding,175,3,26.13,0.31,25.77;26.30;26.31
stl10,maxherding,200,3,26.64,0.34,27.00;26.57;26.34
stl10,uherding,25,3,20.47,0.39,20.40;20.89;20.11
stl10,uherding,50,3,22.65,0.11,22.60;22.78;22.56
stl10,uherding,100,3,24.53,0.18,24.69;24.34;24.56
stl10,uherding,125,3,25.14,0.26,24.94;25.04;25.44
stl10,uherding,150,3,25.21,0.01,25.20;25.20;25.22
stl10,uherding,175,3,26.04,0.32,26.36;25.72;26.04
stl10,uherding,200,3,27.09,0.36,27.38;27.21;26.69
stl10,wassersteinip,25,3,21.10,0.20,21.16;20.88;21.25
stl10,wassersteinip,50,3,22.38,0.45,22.66;21.86;22.61
stl10,wassersteinip,100,3,24.78,0.47,24.95;24.25;25.15
stl10,wassersteinip,125,3,25.07,0.04,25.11;25.04;25.07
stl10,wassersteinip,150,3,25.47,0.47,25.87;24.95;25.59
stl10,wassersteinip,175,3,26.50,0.29,26.54;26.20;26.77
stl10,wassersteinip,200,3,26.81,0.52,27.32;26.81;26.29
caltech101,WASSAL_WITHSOFT,25,3,20.69,2.15,19.56;19.34;23.17
caltech101,WASSAL_WITHSOFT,50,3,22.66,1.09,22.73;21.53;23.72
caltech101,WASSAL_WITHSOFT,100,3,24.85,0.88,25.79;24.04;24.70
caltech101,WASSAL_WITHSOFT,175,3,25.94,0.50,26.23;25.36;26.23
caltech101,WASSAL_WITHSOFT,200,3,27.40,1.04,28.42;26.34;27.43
caltech101,WASSAL,25,3,15.59,3.43,11.69;16.94;18.14
caltech101,WASSAL,50,3,19.09,0.41,18.91;18.80;19.56
caltech101,WASSAL,100,3,18.87,0.82,17.92;19.34;19.34
caltech101,WASSAL,175,3,20.84,0.69,21.64;20.44;20.44
caltech101,WASSAL,200,3,22.22,0.49,22.19;21.75;22.73
caltech101,badge,25,3,15.96,1.97,17.92;15.96;13.99
caltech101,badge,50,3,20.18,3.05,23.50;17.49;19.56
caltech101,badge,100,3,18.91,1.33,20.11;19.13;17.49
caltech101,badge,175,3,23.75,0.93,22.84;23.72;24.70
caltech101,badge,200,3,24.37,0.61,24.48;24.92;23.72
caltech101,glister,25,3,14.28,2.14,12.02;14.54;16.28
caltech101,glister,50,3,17.85,1.32,19.34;16.83;17.38
caltech101,glister,100,3,21.60,0.28,21.31;21.86;21.64
caltech101,glister,175,3,23.86,0.88,23.93;24.70;22.95
caltech101,glister,200,3,24.15,1.63,22.95;26.01;23.50
caltech101,gradmatch-tss,25,3,15.70,0.67,15.85;14.97;16.28
caltech101,gradmatch-tss,50,3,19.16,0.93,18.47;20.22;18.80
caltech101,gradmatch-tss,100,3,21.38,1.34,20.22;21.09;22.84
caltech101,gradmatch-tss,175,3,24.01,0.99,25.03;23.93;23.06
caltech101,gradmatch-tss,200,3,25.17,0.63,24.81;25.90;24.81
caltech101,coreset,25,3,15.45,1.01,14.86;16.61;14.86
caltech101,coreset,50,3,18.07,0.35,17.92;18.47;17.81
caltech101,coreset,100,3,18.36,1.42,19.23;19.13;16.72
caltech101,coreset,175,3,20.84,1.28,21.97;21.09;19.45
caltech101,coreset,200,3,22.00,1.36,20.44;22.84;22.73
caltech101,us,25,3,15.81,0.98,15.19;15.30;16.94
caltech101,us,50,3,18.98,1.12,18.03;18.69;20.22
caltech101,us,100,3,18.29,0.71,19.02;17.60;18.25
caltech101,us,175,3,17.60,2.19,20.11;16.07;16.61
caltech101,us,200,3,20.07,1.59,19.56;21.86;18.80
caltech101,leastconf,25,3,16.39,1.18,15.08;16.72;17.38
caltech101,leastconf,50,3,16.90,2.12,19.23;15.08;16.39
caltech101,leastconf,100,3,18.07,2.21,16.07;17.70;20.44
caltech101,leastconf,175,3,19.53,0.69,19.13;20.33;19.13
caltech101,leastconf,200,3,22.15,1.86,20.00;23.17;23.28
caltech101,margin,25,3,15.05,1.49,13.88;14.54;16.72
caltech101,margin,50,3,17.81,0.83,18.58;17.92;16.94
caltech101,margin,100,3,21.35,1.08,21.86;20.11;22.08
caltech101,margin,175,3,22.95,0.44,22.51;22.95;23.39
caltech101,margin,200,3,22.95,1.34,24.48;22.40;21.97
caltech101,random,25,3,16.10,0.67,15.52;16.83;15.96
caltech101,random,50,3,20.26,0.60,20.87;20.22;19.67
caltech101,random,100,3,20.26,1.46,21.86;19.02;19.89
caltech101,random,175,3,23.75,2.19,23.83;21.53;25.90
caltech101,random,200,3,24.15,0.89,23.93;25.14;23.39
caltech101,badge_withsoft,25,3,15.74,1.59,14.21;15.63;17.38
caltech101,badge_withsoft,50,3,20.51,0.79,21.42;20.00;20.11
caltech101,badge_withsoft,100,3,22.33,1.67,23.61;22.95;20.44
caltech101,badge_withsoft,175,3,23.10,0.62,23.28;23.61;22.40
caltech101,badge_withsoft,200,3,23.79,0.70,24.59;23.28;23.50
caltech101,glister_withsoft,25,3,21.60,0.93,22.30;21.97;20.55
caltech101,glister_withsoft,50,3,21.97,1.26,21.86;23.28;20.77
caltech101,glister_withsoft,100,3,23.32,0.83,22.95;22.73;24.26
caltech101,glister_withsoft,175,3,24.88,1.47,23.83;26.56;24.26
caltech101,glister_withsoft,200,3,26.41,1.37,25.03;26.45;27.76
caltech101,gradmatch-tss_withsoft,25,3,19.60,0.93,20.55;18.69;19.56
caltech101,gradmatch-tss_withsoft,50,3,21.31,1.58,21.75;19.56;22.62
caltech101,gradmatch-tss_withsoft,100,3,23.68,0.38,23.72;24.04;23.28
caltech101,gradmatch-tss_withsoft,175,3,25.43,0.50,26.01;25.14;25.14
caltech101,gradmatch-tss_withsoft,200,3,25.10,2.22,23.61;24.04;27.65
caltech101,coreset_withsoft,25,3,21.02,0.33,21.09;20.66;21.31
caltech101,coreset_withsoft,50,3,22.08,0.58,21.42;22.51;22.30
caltech101,coreset_withsoft,100,3,24.66,0.93,25.36;23.61;25.03
caltech101,coreset_withsoft,175,3,25.28,1.21,26.56;25.14;24.15
caltech101,coreset_withsoft,200,3,26.23,1.63,27.43;26.89;24.37
caltech101,us_withsoft,25,3,21.20,1.68,21.64;19.34;22.62
caltech101,us_withsoft,50,3,22.44,0.32,22.62;22.08;22.62
caltech101,us_withsoft,100,3,24.37,0.11,24.26;24.48;24.37
caltech101,us_withsoft,175,3,24.48,0.85,23.93;24.04;25.46
caltech101,us_withsoft,200,3,25.43,2.40,22.73;27.32;26.23
caltech101,leastconf_withsoft,25,3,21.13,0.88,20.22;21.97;21.20
caltech101,leastconf_withsoft,50,3,22.08,1.84,21.42;20.66;24.15
caltech101,leastconf_withsoft,100,3,21.38,2.32,18.80;23.28;22.08
caltech101,leastconf_withsoft,175,3,23.97,0.74,24.81;23.39;23.72
caltech101,leastconf_withsoft,200,3,26.70,0.74,27.54;26.12;26.45
caltech101,margin_withsoft,25,3,21.28,0.55,21.86;20.77;21.20
caltech101,margin_withsoft,50,3,21.49,1.87,19.78;23.50;21.20
caltech101,margin_withsoft,100,3,24.19,2.03,22.30;26.34;23.93
caltech101,margin_withsoft,175,3,24.74,1.41,23.17;25.14;25.90
caltech101,margin_withsoft,200,3,26.74,0.23,26.99;26.56;26.67
caltech101,typiclust,25,3,14.94,1.20,13.55;15.63;15.63
caltech101,typiclust,50,3,18.14,0.44,17.70;18.14;18.58
caltech101,typiclust,100,3,21.79,1.80,22.30;19.78;23.28
caltech101,typiclust,175,3,23.32,0.88,24.15;23.39;22.40
caltech101,typiclust,200,3,25.39,0.55,25.46;25.90;24.81
caltech101,probcover,25,3,15.41,0.79,16.07;15.63;14.54
caltech101,probcover,50,3,17.49,0.87,16.83;18.47;17.16
caltech101,probcover,100,3,21.86,1.33,20.98;23.39;21.20
caltech101,probcover,175,3,22.73,0.58,22.95;22.08;23.17
caltech101,probcover,200,3,24.77,0.98,24.15;24.26;25.90
caltech101,dcom,25,3,19.23,0.48,18.69;19.56;19.45
caltech101,dcom,50,3,21.31,0.48,20.98;21.09;21.86
caltech101,dcom,100,3,22.15,1.20,22.84;22.84;20.77
caltech101,dcom,175,3,22.91,0.38,22.95;22.51;23.28
caltech101,dcom,200,3,24.15,0.72,24.26;24.81;23.39
caltech101,alfamargin,25,3,15.15,0.74,14.32;15.74;15.41
caltech101,alfamargin,50,3,16.90,0.83,17.81;16.17;16.72
caltech101,alfamargin,100,3,21.68,1.12,21.97;20.44;22.62
caltech101,alfamargin,175,3,22.30,1.58,22.73;23.61;20.55
caltech101,alfamargin,200,3,23.42,0.41,22.95;23.61;23.72
caltech101,maxherding,25,3,16.10,1.98,14.64;15.30;18.36
caltech101,maxherding,50,3,20.07,1.56,20.44;18.36;21.42
caltech101,maxherding,100,3,22.70,0.71,22.73;23.39;21.97
caltech101,maxherding,175,3,23.53,1.20,22.73;22.95;24.92
caltech101,maxherding,200,3,23.39,1.72,23.06;25.25;21.86
caltech101,uherding,25,3,15.52,2.22,17.49;15.96;13.11
caltech101,uherding,50,3,20.15,1.05,20.33;21.09;19.02
caltech101,uherding,100,3,20.40,1.48,21.86;18.91;20.44
caltech101,uherding,175,3,22.00,1.17,20.98;23.28;21.75
caltech101,uherding,200,3,22.19,0.95,21.09;22.84;22.62
caltech101,wassersteinip,25,3,15.59,0.63,14.86;15.96;15.96
caltech101,wassersteinip,50,3,17.30,2.03,19.45;15.41;17.05
caltech101,wassersteinip,100,3,19.89,0.22,19.89;20.11;19.67
caltech101,wassersteinip,175,3,23.28,0.22,23.28;23.06;23.50
caltech101,wassersteinip,200,3,24.44,0.93,25.36;23.50;24.48
